place(-2.505, -0.023, 9.009, "Brawler", 900)
place(-8.109, 0.055, 8.941, "Electroshocker", 1088)
upgrade(-2.505, 1.327, 9.009, 450)
upgrade(-8.109, 1.405, 8.941, 450)
upgrade(-8.109, 1.405, 8.941, 900)
upgrade(-2.505, 1.327, 9.009, 1275)
place(-2.119, 0.179, 3.559, "Brawler", 900)
upgrade(-2.119, 1.529, 3.559, 450)
upgrade(-2.119, 1.529, 3.559, 1275)
upgrade(-8.109, 1.405, 8.941, 3000)
place(-7.587, 0.253, 3.333, "Electroshocker", 1088)
upgrade(-7.587, 1.603, 3.333, 450)
upgrade(-7.587, 1.603, 3.333, 900)
place(1.458, -0.044, 12.949, "Freezer", 638)
upgrade(1.458, 1.306, 12.949, 338)
upgrade(1.458, 1.306, 12.949, 975)
place(1.806, -0.212, 9.858, "Freezer", 638)
upgrade(1.806, 1.138, 9.858, 338)
upgrade(1.806, 1.138, 9.858, 975)
place(1.063, -0.372, 15.975, "Freezer", 638)
upgrade(1.063, 0.978, 15.975, 338)
place(-2.737, -0.028, 10.997, "Brawler", 900)
upgrade(-2.737, 1.322, 10.997, 450)
upgrade(-2.737, 1.322, 10.997, 1275)
place(-0.043, 0.127, 3.386, "Brawler", 900)
upgrade(-0.043, 1.477, 3.386, 450)
upgrade(-0.043, 1.477, 3.386, 1275)
upgrade(-2.505, 1.327, 9.009, 3000)
upgrade(-2.119, 1.529, 3.559, 3000)
upgrade(-2.737, 1.322, 10.997, 3000)
